8
9,11,13,15,30,36,39,66,71,74,82,84,85,102,113,114,119,124,147,149
6,25,27,29,34,40,43,49,54,63,64,76,80,118,120,127,128,131,141,145,148
7,23,32,45,53,55,58,59,70,93,99,103,110,134,135,137,143,146
4,22,31,38,41,42,44,48,51,57,87,92,98,109,115,123,129,132,133,136,139,140
1,2,5,18,20,21,26,33,35,37,52,62,68,69,72,77,79,83,86,88,90,94,95,100,101,108,112,117,122,125,126,130,138,144
10,16,17,19,28,60,75,81,91,97,104,116,121,142
8,14,24,46,47,50,61,65,67,89,96,106,107,111
0,3,12,56,73,78,105
4,10,17,28,38,41,57,81,97,109,132,133,136,139,142
12,36,52,69,72,73,78,82,84,86,90,100,102,113,122
1,6,25,26,29,31,33,34,40,48,49,51,54,63,77,79,80,94,95,108,115,120,123,127,129,130,138,140,145,148
9,13,18,21,30,35,39,62,66,74,112,114,124,135,147
0,3,11,15,20,56,71,83,85,88,105,117,119,144,149
2,5,27,37,43,64,68,76,101,118,125,126,128,131,141
7,8,24,32,45,46,47,50,53,55,58,61,65,67,70,89,92,93,96,99,103,107,110,134,137,143
14,16,19,22,23,42,44,59,60,75,87,91,98,104,106,111,116,121,146
